Mixture	B cells naive	B cells memory	Plasma cells	T cells CD8	T cells CD4 naive	T cells CD4 memory resting	T cells CD4 memory activated	T cells follicular helper	T cells regulatory (Tregs)	T cells gamma delta	NK cells resting	NK cells activated	Monocytes	Macrophages M0	Macrophages M1	Macrophages M2	Dendritic cells resting	Dendritic cells activated	Mast cells resting	Mast cells activated	Eosinophils	Neutrophils	P-value	Correlation	RMSE
SA507123	0.0282203378730735	0	0.024491619487969	0.0882733745827969	0	0.21226345452975	0	0	0	0	0	0.0360649538501702	0.129096790372697	0.0102965112794938	0.098231553679165	0.241454444248036	0.00791594611065921	0	0.110706931186612	0	0.00160777972586949	0.0113763030737082	0.003	0.282770566438211	0.965112894120473
SA507126	0.0392520917419615	0	0.0432741831991478	0.0210918331633399	0	0.232594976328028	0	0	0	0.0239960015726878	0	0.0494198490765618	0.0920687885778694	0	0.106289643078152	0.222753074474831	0	0	0.0200859829332761	0.0109851171665855	0.00678618364829715	0.131402275039262	0.242	0.0694079964992615	1.06011794135928
SA507131	0.0912534058123324	0	0.0603295725178208	0.161481615745044	0	0.217397360720457	0	0.00756347786513559	0.01116162451712	0	0	0.0701463751768522	0.039166206497847	0	0.0300268193079464	0.246521092246022	0	0.0021587681237441	0.0611880002706137	0	0	0.0016056811990651	0.0620000000000001	0.135206054411881	1.03080015870578
SA507134	0.0308327688313453	0.046194407696106	0.0250344353026327	0.1629487707865	0	0.304155691165466	0.00715065592431941	0	0	0.0535870482716246	0	0.0553237344952608	0.0322759666883394	0	0.0335855372633194	0.12607848150035	0.0975706627712853	0	0	0.0243382342374941	0.000923605065956459	0	0	0.391234281791416	0.921330289857604
SA507135	0.00482852446061922	0	0.00476625152060062	0.191450613821292	0	0.149085512878084	0.0396504662283326	0	0	0.0202628433021295	0	0	0.0871384331507748	0.00612214643278341	0.0920331181274356	0.356368624938171	0	0	0.0449030216853659	0	0	0.00339044345441059	0.004	0.267104072694976	0.975696040882878
SA507143	0.00410083539272872	0	0	0.177781691608661	0	0.163864300737648	0.00321600672331615	0.0228397788055885	0	0.058506133233111	0	0.0193400151079294	0.162559868842869	0	0.0333779423448002	0.219651766423816	0	0.0220706900702112	0.0675558903366499	0	0.0234287727765419	0.0217063075961302	0.244	0.0690044981730959	1.05615119208136
SA507144	0.0137280613381353	0	0.0177016825674197	0.0604086151686649	0	0.128930301912615	0	0	0	0	0.0416535151127241	0.0482315131072861	0.12124572196454	0	0.0131915944389885	0.445739980993721	0	0	0.0726218818509844	0	0	0.036547131544921	0.04	0.149140530069895	1.02846804791743
SA507146	0.0602023463023186	0	0.0607618561984051	0.153733692465568	0	0.158672338779946	0	0	0	0.0342983768526096	0	0.0540415376246357	0.0377902550712245	0	0.0198017426583993	0.314506798204374	0.00950534023517679	0	0.0398883517511697	0	0.0127005644658217	0.0440967993903507	0.096	0.115377092239642	1.03596337471234
SA507147	0.0710851271978135	0	0.178457104352602	0.0307461836726155	0	0.264142419777982	0	0	0.00958003293207081	0.0547638968741893	0	0.0567900273692955	0.0159777117660585	0	0.0184373968195568	0.168574856836108	0.0536983223295152	0	0.0587909912463862	0	0	0.0189559288258059	0	0.452852098886528	0.890765564231577
SA507153	0.0160579755367869	0	0.00713042784101677	0.219118795892505	0	0.184113145132423	0.0194422202479068	0.0260213185644143	0.00161742078272045	0.0756192959663039	0	0	0	0.0704517755689494	0.061030845614275	0.301593459700669	0	0	0.0166207905625001	0	0	0.00118252858952887	0.018	0.1962158029313	1.01285412291399
SA507155	0	0.0107776234570505	0.0052513061267506	0.0504905798586556	0	0.12026429303343	0	0.0149000714577225	0	0.014505576832161	0	0.0303909868208059	0.254869032086615	0	0.0370169647194578	0.404832498742505	0	0	0.000804383976211017	0.0315974689512406	0	0.024299213937395	0.002	0.309814282031606	0.962807833571355
SA507156	0.00259065962029034	0.0579965104431402	0.00683453156363381	0.104875564214811	0	0.316302402009103	0	0	0.00557975540125723	0	0	0.0835471788021689	0.0295756663910356	0.0667714204781531	0.0974301814305556	0.0757399656573007	7.27802861980125e-05	0	0.138089884807526	0	0.0145934988948262	0	0.488	0.031734635173837	1.07640063295261
SA507158	0.154796468353794	0	0.106464715395477	0.0224427662538987	0	0.256043532952308	0	0.00518289470529466	0	0	0	0.0690452086457994	0.00890486435738873	0	0.0355747753809479	0.227105710147956	0.0206772608061667	0	0.0477355174716245	0	0	0.0460262855293434	0.105	0.108765691826837	1.04531223319821
SA507162	0.00669336830213096	0	0.000651475100997897	0.184563447208939	0	0.166931443868313	0	0.0113690670401097	0	0.0956502264592076	0	0.0295263890323952	0.110751515815423	0	0.0464425640009214	0.208930148356403	0.00243580554349828	0.0214497184116022	0	0.0531845387060401	0.0397962390125803	0.0216240531414394	0.002	0.316451983441565	0.954514591487334
SA507165	0.0459499546603304	0	0.0248679552178338	0.0820137782209609	0	0.282042573071562	0	0	0	0.0723994745308457	0	0.0541969692119297	0.0150823484517783	0	0.0769149241868193	0.128131032592918	0.0775616296721779	0	0	0.0450882746550946	0.0841779639045339	0.0115731216232156	0.143	0.0950401714913107	1.04406901717394
SA507167	0.00853609267242271	0.0108766196393078	0.0472273630419585	0.232060727466819	0	0.0860570393565108	0	0.01124986911832	0.113084343112559	0	0	0.180302918469615	0.0275812200181737	0	0	0.182400323150777	0.0133632834847887	0.0036470842265313	0.0735097521075848	0	0	0.0101033641346305	0.015	0.210514634442429	1.01446376415322
SA507174	0.0727224786374267	0	0	0.142196582383082	0	0.277621820319151	0	0	0	0	0	0.0501564640261053	0.0818138323338915	0	0.0142209046789585	0.305704099064255	0	0.00429719546227827	0.0448849138647262	0	0	0.00638170923012613	0.0649999999999999	0.132518359072801	1.03324337756944
SA507176	0.0123234946147969	0.0124764256874205	0.00153209735977354	0.064618266951265	0	0.155594186318644	0	0	0	0.03722648819869	0	0.0614757741512602	0.0705317880439904	0	0.0302451503797981	0.466087806515495	0	0	0.0506871781221217	0	0	0.037201343656744	0.0610000000000001	0.135787286096741	1.03534462723016
SA507177	0.108450687613788	0	0.0165343152068635	0.140877453254581	0	0.153617146586394	0	0	0	0.0306597275639132	0	0.0864684240875348	0.041341516715327	0	0.0518286778332055	0.26939164842464	0.0208733965499832	0	0.0371448350423216	0	0	0.0428121711214469	0.643	0.0116358932238854	1.07758538803465
SA507179	0.0219558190501415	0	0.0256577011002341	0.0103520640972447	0	0.206838184244569	0	0	0	0.0393477486695685	0	0.0260767145802071	0.0291367841652093	0	0.0912542727934649	0.263635920601706	0	0	0.122486175435665	0	0.0357873963376676	0.127471218924323	0.705	0.004614808969585	1.07903129149782
SA507183	0.00463466337163643	0	0.00537783065223899	0.249175327323252	0	0.151700590290274	0	0.0416750397620119	0	0.129998562952076	0	0.0813658117990567	0.0583545070113712	0.0630699975604122	0.0772491044046067	0.0459142612197017	0.0240794828326933	0	0.0531005991628816	0	0	0.0143042216577868	0.002	0.314363272973397	0.96645888596613
SA507186	0.00952439901238534	0	0.0051015311784004	0.3152368275186	0	0.135467960624359	0	0.031010697232247	0	0.0619530983584873	0	0.0493347195771723	0.00801896770568565	0	0.06785455549786	0.226264342592466	0.0200078054813013	0	0.0562760882016306	0	0	0.013949007019405	0	0.403306262817141	0.916653780465133
SA507189	0.145664719642618	0	0.0832296672787428	0.0501750464153205	0	0.219185836797625	0	0	0.0102251865917653	0	0.0166848626832245	0	0.0600693470528983	0	0.0350453819117519	0.211139715301	0	0	0.0990758481079112	0	0.0019235747646047	0.0675808134525381	0.286	0.060025670476214	1.05827590621715
SA507192	0.0373829078944756	0	0.0204649531140635	0.0950591732809831	0	0.172548035087093	0.0124979019651846	0.0294873602762273	0.00118131073439385	0	0	0.0663778079162332	0.0135401510359814	0.0698481166051143	0.053793229144388	0.331688899802062	0.00288454372321972	0	0.0568285328249221	0.0124040659753988	0	0.0240130106202592	0.00700000000000001	0.240987599280274	0.984112379740666
SA507194	0	0.0209359239979514	0.00833545641186916	0.235703099317661	0	0.145606489369026	0.00922623486490396	0.014881307920756	0.00693633840741744	0.0339334983360485	0	0.00538529358705615	0.0581109660591895	0.025739272137909	0.0561657822708903	0.339631050696493	0	0	0.024199512157981	0	0	0.0152097744648478	0.031	0.166869734793681	1.02080091862231
SA507195	0.00284391855171565	0.0192106776007362	0.0102034570090966	0.0938803348034179	0	0.277680772182562	0	0.00720771636312251	0	0	0	0.0164410824980324	0.0763860408170939	0.023525396115725	0.0620869372607702	0.167938650835351	0.00432272799960082	0	0.22610919003765	0	0.0121630979251259	0	0.372	0.0465213718949813	1.06227312327459
SA507197	0	0.0185894299678187	0.00410723230869472	0.0405474326663328	0	0.188146234181215	0.00621605884517377	0	0	0.0601459430619853	0	0.0619621378494927	0.0489455953866023	0	0.0609495298494809	0.293836909681264	0	0	0.0656168903235321	0	0.0683551074012225	0.0825814984771856	0.297	0.0586189500667691	1.05728513399519
SA507198	0.0129299800480173	0.0131522404588595	0.0129693316599617	0.190446406220063	0	0.202893179349349	0.0106440825248434	0.0257284463895206	0.000373946329692132	0	0	0.0588665392553257	0.0136304108324783	0	0.0970224946284138	0.22222788168174	0.0189762081408678	0	0.0754380151374742	0	0	0.044700837343394	0.002	0.304837219253457	0.95882223764264
SA507202	0.041998543783453	0	0.000616221712858953	0.0411655948586522	0	0.287307078445655	0	0	0	0.00680029739746621	0	0.0484859531156057	0.10026432953335	0	0.0642760812265241	0.308162301740465	0	0.0209991681509473	0.024196906059367	0.0262072075442305	0	0.029520316431425	0.55	0.0235411747215245	1.071458321566
SA507204	0	0	0.0254921052909709	0.0947901705383452	0	0.192033639530022	0	0	0	0.0164393383238545	0.0427734625903713	0.0248012177740444	0.128282388292044	0	0.108492679191954	0.260443865534625	0.00507460031235001	0	0.0314587408563198	0	0	0.0699177917650988	0.00600000000000001	0.244171516954683	0.985890512859769
SA507205	0.00690872617282452	0	0.00125401192277221	0.128730246797052	0	0.223154040018845	0	0.00744067964952729	0	0.0114744641100304	0	0.0620585822298123	0.035274975337909	0	0.0872288642712219	0.328607873386207	0	0	0.0916293375943646	0	0	0.0162381985094341	0.022	0.187725018195512	1.00899007123654
SA507207	0.060043739652948	0	0.00917557214393132	0.151384678017141	0	0.135509979994223	0.00538681689109937	0	0	0	0	0.0356108720719139	0.0859847401621781	0	0.0431816986698137	0.306631315188536	0.0567278227922331	0	0.0397056270606044	0	0	0.0706571373553789	0.039	0.151725033972238	1.01989537049267
SA507208	0.0656464046942433	0	0.0134171103426717	0.075879258184864	0	0.152165879329844	0	0.0064966678485394	0	0	0	0.0641842280041483	0.0947763433786097	0	0.0752792448105439	0.311995871377584	0.0134193533125879	0	0	0.0125789400776132	0.00117724388376271	0.112983454754987	0.083	0.121795193583455	1.03874415887892
SA507211	0.00497722901537443	0.0426135893943963	0	0.123644299577844	0	0.0983590655544535	0	0.0126411044730486	0	0	0	0.0700702995413211	0.0615448686492195	0	0.0185031518374024	0.432410001879854	0	0	0.103254319811232	0	0	0.0319820702658547	0.15	0.0929179571112764	1.0474904736459
SA507216	0.00327940736788478	0	0.0560401928518562	0.248897761924891	0	0.085798010374235	0.00426651724066802	0	0	0.0833860888947375	0	0.0227126183932168	0.106666881399066	0	0.0764022662844615	0.13258699784662	0.0195250322267245	0	0	0.0576910358247231	0	0.102747189370916	0.184	0.0837622898273779	1.0567455849815
SA507217	0.00308221079077141	0	0.00481167469331613	0.251555586473564	0	0.167373764402437	9.47735643083945e-05	0.0143148944252484	0	0	0	0.0624431222250765	0.0164748139437735	0	0.160733244314473	0.180174118226401	0.0546665479859858	0	0.0795001211403052	0	0.00477512781433942	0	0.016	0.206912700982805	1.01024825182969
SA507219	0	0.0115714125205439	0	0.105624187601598	0	0.161225516930098	0	0.0137283972911678	0.00398244019560611	0	0.00982580789353857	0.0124747927765594	0.10999206873566	0	0.0247202477297422	0.119740800960801	0	0	0.162324484301659	0	0.0132070099524399	0.251582833110587	0.376	0.0459039802109924	1.0937157485687
SA507228	0	0.0226369718292513	0.0114776535522681	0.39138163542182	0	0.195181938230861	0	0.0539054194779469	0.0340725585486935	0	0	0.0426124234445063	0.0440731746689386	0	0.0805463345142341	0.103895071659942	0	0	0.0202168186515378	0	0	0	0.001	0.333615918918638	0.962461978700889
SA507232	0	0.0244135071630265	0.0170915072455685	0.505920069503801	0	0.00909805503417031	0.00111051969552911	0.0112701199521015	0.0737442007918891	0.0186455558490762	0	0.175488178092469	0.015478034039112	0	0.0276997756020723	0.118297402105751	0	0.00119346057824361	0.000549614347189897	0	0	0	0	0.40613863783601	0.935257042207735
SA507237	0.0732892620045779	0	0.0394199294835125	0.0705762945585689	0	0.244517304414459	0	0	0	0	0	0.0835694662537094	0.036456658215528	0.0327668452645933	0.0519453887379836	0.286475051232811	0	0	0.0555324086058347	0	0	0.025451391228421	0.019	0.194222635522294	1.00234265982988
SA507240	0.100389652260101	0	0.0310796104469589	0.0554807047029216	0	0.145608642243452	0	0	0	0	0	0.0618264336148729	0.020270578340659	0	0.049607211207788	0.253034581142612	0	0	0	0.0204849278533285	0.110157872044239	0.152059786143068	0.697	0.00554768521623719	1.08553042414874
SA507249	0.0863602960882556	0.0336699069861198	0.0311486264989349	0.0596050141040182	0	0.252921680303764	0.0223102715001394	0	0.000250022890642533	0.0277467341394929	0	0.0345102049978178	0.0964200870954336	0	0.0375369467896426	0.280358919510448	0	0.00597564094301243	0.0311856481522779	0	0	0	0.085	0.119934202002503	1.03201092464104
SA507252	0.0816583049884546	0.00191727088831189	0.0212199919312292	0.010829931664615	0	0.323771601397428	0	0	0	0.00363490961329125	0	0.0651744262865327	0.00944362353149553	0	0.0278119343890717	0.284781407032876	0	0.000212486486319483	0.169544111790374	0	0	0	0.685	0.00667949967567212	1.07569021613065
SA507253	0	0	0.00338828382673634	0.296691796526131	0	0.143893050486041	0.0252218668047107	0.0386392169826562	0.0106348298045462	0.0404073669568531	0	0.0680234243457511	0.0925611318647032	0.00483902931276867	0.0987792072616288	0.147071251961652	0	0	0.00917215784881658	0	0.0099113509315033	0.0107660350855017	0.014	0.219746944580301	1.00940602785015
SA507261	0.0152363984699921	0	0	0.0424730757045674	0	0.249260336976601	0	0	0	0.0902276400094828	0	0.0288448450776345	0.00206255906893591	0	0.110375260693396	0.290674174689456	0.0444511670954478	0	0.106831512417095	0	0	0.0195630297973918	0.00700000000000001	0.241103009874698	0.985585645961859
SA507262	0.0217472690375867	0.0200542533990246	0.015562890981997	0.0762756557980522	0	0.119490999640773	0	0.0284998722544512	0.022333146722636	0.00649316565685234	0	0.122731849198354	0	0.297241215345658	0.0298291022463667	0.214414250354408	0	0	0	0.0253263293638405	0	0	0.003	0.274651239630655	0.983489996744435
SA507264	0.066249473187857	0	0.0586585837234002	0.031947300210447	0	0.198033402835051	0	0	0	0	0	0.0454548107969047	0.0858463978394034	0	0.0573721456948494	0.312549431737255	0.010228632372345	0	0	0.0230474158584725	0.041010829070502	0.0696015766735124	0.122	0.101296534285015	1.04010227125544
SA507271	0.0223067280672329	0	0.0117102781216339	0.0732101154469162	0	0.181295207391088	0	0	0.0106237052034421	0	0.0248584984573144	0	0.0129397574134735	0.0590887175218743	0.0250615115892597	0.439196465661575	0.00117781952635235	0	0.138531195599837	0	0	0	0.043	0.146324391178084	1.02861082336553
SA507272	0.0220633567481752	0	0.00270457470484393	0.101562361656019	0	0.125610163914275	0	0.022767955599154	0.011430071655446	0	0	0.0601732985306372	0.0594452071000874	0	0.0328321233946914	0.322516022121436	0.0388377385810089	0	0.128517723722058	0	0	0.0715394022721689	0.038	0.155338831568973	1.01722635457199
SA507275	0.0529715088556046	0	0.0860939491929949	0.0230366341211819	0	0.203749067643238	0	0.00213759325762503	0	0	0.0399303732897432	0.0162262793285394	0.0528640572643962	0	0.0350134073165651	0.285692754226665	0	0	0.113610192287115	0	0	0.0886741832163311	0.216	0.0771144347922474	1.04603296279334
SA507278	0.0274278737648591	0	0.0054565288496436	0.22027774837356	0	0.148604787558541	0.00771534290400194	0	0.0220735064990018	0.0642685792288463	0	0.0451073548899994	0.00640759004684949	0	0.0425935134643726	0.263086291176404	0.0236084492027625	0.0027855940084099	0.0956891417993634	0	0	0.0248976982333846	0.01	0.230440583863488	0.991999559821514
SA507281	0.0954570603310021	0	0.0158489504988794	0.0542062718261481	0	0.207624445429298	0	0	0	0	0	0.0569829085556741	0.027906491624134	0	0.0510190931209019	0.32408307182148	0	0	0.148688276238436	0	0	0.0181834305540462	0.38	0.0448843761170612	1.0576925788296
SA507285	0.00450172908591516	0	0.0537716023148327	0.212925089791654	0	0.0614825469210089	0	0.0171593514477315	0.00778514825567477	0.015366736615104	0	0.080817793501568	0.0297596651877569	0	0.0833825367900847	0.341000860254967	0	0.00244012388999991	0.0837470138422524	0	0	0.00585980210144967	0.01	0.229085474533205	0.990472406906502
SA507290	0.00361581828442975	0.0100225663113909	0.0242292968115159	0.132473502529707	0	0.13142726408675	0.00513263028523204	0	0	0.0393640848065448	0	0.230312364047166	0.0886064588962576	0.0284331874852117	0.120282263876392	0.112790496678449	0.00757467885976158	0	0.0657353870411913	0	0	0	0.028	0.171068289835495	1.03579240828724
SA507294	0.0121373803416632	0	0.0137912970502933	0.452760141494666	0	0.0476025826908313	0.00798078412838957	0.0293276821568347	0.0218860300201692	0	0	0.0667118797260283	0.0248075630761425	0	0.0770251565982684	0.174503356304124	0.0184427081749321	0	0.048921826247296	0	0	0.00410161199036079	0.001	0.348211053197869	0.947714295149234
SA507305	0.0018128348678873	0	0	0.0205220199265711	0	0.233990494234197	0	0.0260654525621432	0.00664049933437226	0	0.0546935718726212	0.051117687741367	0.0953302786247971	0	0.0845278658771545	0.285838427971276	0.00934835219411249	0	0.101101615619115	0	0	0.0290108991743866	0.413	0.0406719619792906	1.06341172699019
SA507308	0.0717580794465334	0	0.0428303842792906	0.0142451395204614	0	0.126261039811147	0	0	0	0	0	0	0.0424295119640943	0	0.0708162085837473	0.455233801381004	0	0	0.170863130333702	0	0	0.00556270468001998	0.478	0.0328344907402422	1.07659432499588
SA507315	0	0.0455229406665601	0.0931196722809938	0.0780256160745097	0	0.248111042389498	0	0.0221389230588149	0.021956877993299	0.0197037194104473	0	0.0650932367689295	0	0.101036492557489	0.126121666408386	0.179029079135796	0	0	0.000138606388502804	0	0	2.12686677511602e-06	0.107	0.106597245750942	1.05115071392381
SA507317	0.0110671601946224	0.119651147331283	0.0689929944626518	0.235859893542011	0	0.0911378201384747	0.0813534568746538	0.0653207321898211	0.0172915062845299	0	0	0.0808610463318935	0.0171710811949463	0	0.000726599071265869	0.193370329055925	0	0.00697600183303153	0.00638611932760656	0	0	0.00383411216728364	0.001	0.326425570882399	0.95374063473667
SA507320	0.0791188953061595	0	0.0513225032188162	0.149342554611523	0	0.229116513871799	0.063752584266634	0	0	0.0181831075804093	0	0	0.0135540573990678	0	0.0341468459819736	0.141914221996716	0.163690436827979	0	0.0317239655960118	0	0.0162035191931844	0.00793079414972592	0.001	0.36418985291935	0.931152392208464
SA507324	0.0240109561340442	0.0157593900037869	0.00745924380287646	0.143313045480886	0	0.184423264163925	0.00649648460698449	0	0.0370378343854737	0	0	0.0573410176184826	0.00954869070688224	0	0.0353749305295285	0.384191521113241	0	0.00568932755739248	0.0451846254491558	0	0	0.0441696684473411	0.055	0.137931161114674	1.02970285705175
SA507339	0	0.0028076988542522	0.0163270975397546	0.144087555224603	0	0.190466942406836	0	0	0	0.0669586538778775	0	0.01979741988514	0.0152293540852376	0	0.0350158228945021	0.416855428985441	0.0149677809891481	0.000706055618349495	0.0436021269592426	0	0.0246642516366543	0.00851381104296201	0.032	0.16593469493044	1.02060599981301
SA507341	0.00282407894710678	0.000636462344384087	0.0120461441723891	0.138857650443545	0	0.27302655898313	0	0.011266668356237	0	0.139629492126848	0	0.0729223064649179	0.0254615057624442	0.0124684135246414	0.0910532558294252	0.138513220474435	0.0482840794085997	0	0.022273637703832	0	0.00459389468869942	0.00614263076936408	0.00800000000000001	0.238640857506068	1.00062431560314
SA507344	0.0702513695153569	0	0.0723612351126639	0.0732393893509113	0	0.216617476474616	0	0	0	0.00722808918853037	0	0.0310099535076307	0.0384295641245385	0	0.0894426592854708	0.242528612437954	0.0413774790713359	0	0.0983108048307066	0	0	0.0192033671002851	0.0610000000000001	0.135559658173648	1.02252247492707
SA507351	0	0.00501936245004406	0.0344008625299623	0.347039447340623	0	0.196667241568633	0.0281055592266941	0.0405588514567534	0.00611047818725055	0.0993535284707818	0	0.0366528965037752	0	0	0.0888315092558329	0.114751445992432	0	0	0.000766159603498922	0	0	0.0017426574137181	0.01	0.23206443507169	1.02131727063429
SA507361	0.0758589508290094	0	0.00307715221719358	0.166283366939169	0	0.203232967878375	0.0137745345418135	0.0169372649194426	0	0	0	0.109214113120863	0.00718979653192195	0	0.0672080413111081	0.292776906082579	0.0225890755201782	0	0.018745131995732	0.00311269811261514	0	0	0.02	0.192806579232024	1.01092952457033
SA507372	0.0436372882605515	0	0.0373075034853178	0.175777253839557	0	0.197665405456389	0	0.0337493507971222	0.00896934244815501	0.0306078934675926	0	0.0353136883723153	0.117229583906107	0	0.0599650734952744	0.211658728053233	0.0138447644791245	0	0	0.00653510359729381	0	0.0277390203419667	0.00700000000000001	0.238759579160006	0.988036064373487
SA507375	0.0200048400954001	0	0.0506355652168264	0.0476303489825336	0	0.191154056855343	0	0	0	0.042656626501119	0	0.0730196003458207	0.0379280284737599	0	0.0575298229687579	0.343597444972746	0.0284021563379174	0	0.0311287316216896	0.0113008432797535	0.0347798145110775	0.0302321198372555	0.135	0.098070480320199	1.03962145837693
SA507376	0.00622808210374041	0	0.00346895148816674	0.0993807062119625	0	0.28690444429294	0	0.0100147483061327	0	0.107775809575472	0	0.0236794558590423	0.0127241056470958	0	0.0913721752900511	0.316660046539994	0	0.000909837737152098	0.00522359281560569	0.0155598058832783	0	0.0200982382493651	0.005	0.257471439279445	0.985403529292726
SA507379	0.044796514914916	0	0.055090765452285	0.246148469141976	0	0.202578515471442	0	0	0	0	0	0.101457579631617	0.0451729086976376	0	0.0495993377737587	0.190281938946841	0.0134015926521474	0	0.0478467272631183	0	0	0.0036256500542606	0.172	0.0880977841881464	1.05820711775989
SA507384	0.00499921112481404	0	0.00243990095988331	0.231333261348157	0	0.100922598772725	0	0.00624677026410526	0	0.0633946286344997	0	0.0561044295435304	0.0983391623304176	0	0.0643415681004907	0.24413104800042	0.0310981716483711	0	0.00947785338797764	0.014326088664875	0	0.0728453072197336	0.013	0.220647782846433	0.999513984405682
SA507387	0.0758695549620086	0.0153578578428923	0.0382939573728364	0.0685720883878173	0	0.285008127043333	0.0170207326287842	0	0	0.00324489964340682	0	0.0181010788697808	0.0571153527342788	0	0.0308246605542963	0.258379616648744	0.0693321563861685	0	0.029585903010344	0	0	0.0332940139153098	0.016	0.201882857959919	0.998199714892054
SA507388	0.0166501798428615	0.0147157740523221	0.0181363885819383	0.11724625795169	0	0.134077521343944	0	0.000564883279895337	0.0407406251817079	0	0	0.0545496752244857	0	0.290131953637189	0.0463352074997128	0.229386802970811	0	0	0.0374647304334429	0	0	0	0.001	0.378328932920661	0.929850554848024
SA507396	0.014289481703873	0	0.000903021158775831	0.0520336806837278	0	0.128298058641784	0.00289096447157766	0	0.0118285015082957	0	0	0.0163023798047701	0.0897471115067618	0.105550220438956	0.0190474553227338	0.32277132483825	0	0	0	0.0275802832635159	0	0.208757516656979	0	0.398671778049832	0.923473483466496
SA507399	0.075959796679295	0	0.00352392236273597	0.017432511438961	0	0.17686613709386	0	0.000753090330886916	0	0	0	0.0452861662552832	0.0914590845936782	0	0.132598758878926	0.268461959906359	0	0	0.0676491743487608	0	0	0.120009398111255	0.233	0.0722529354635353	1.06191089675137
SA507403	0.0102127218507322	0.0156914178900363	0.0107692125155986	0.167131122306317	0	0.147991167253749	0	0.000103989988853311	0.00148679739698101	0.120979998373072	0	0.0371768964906451	0.0958522364095376	0	0.0694396539304226	0.272191345767226	0	0.00485543046314318	0.0101951135736972	0	0.0297504860802829	0.00617240970970656	0.004	0.269988974699089	0.97653878379293
SA507406	0.00941708746212144	0.00274437176187724	0	0.0737847505768942	0	0.328598534791067	0	0.00155283024236939	0	0	0	0.0738560786146626	0.103783026930749	0	0.00296902716216971	0.217511404697856	0	0	0.183375595380127	0	0	0.00240729238010747	0.824	-0.00887158133533112	1.08961079223729
SA507408	0	0.0184041182430969	0.0383528743754904	0.202954709322254	0	0.100139810427273	0.000797462790509996	0.0258225825676316	0.0209182480701106	0.015367417630916	0	0.0133092583326992	0	0.0930840995689368	0.0449869200631291	0.333516249575739	0	0	0.0390139434796231	0	0	0.0533323055525901	0.00600000000000001	0.242402596631985	0.986738559978307
SA507411	0.0160416579527971	0	0.0590349492975729	0.0362584154756654	0	0.188991860955074	0	0	0	0	0	0.073426445686168	0.036283928785079	0	0.0796049423163488	0.296119304178683	0.00640834573317609	0	0.145880529727285	0	0.0303617739780508	0.0315878459141	0.772	-0.0022381466273789	1.07274613749301
SA507415	0.00205333842786841	0	0.00998894172273399	0.130459186373749	0	0.12117649412144	0	0	0	0.0180157800204747	0	0.0979818945074286	0.0545355554714469	0	0.0474900820423442	0.323612987735759	0.000315973215102344	0.00258696726471297	0.174931349666086	0	0	0.0168514494308537	0.036	0.160922320733743	1.01807858643296
SA507419	0.0882019486730365	0	0.153905702094528	0.024036435040851	0	0.14482843362255	0	0.0111632796115705	0	0	0	0.064926091198647	0.0476765351358884	0	0.100942101458093	0.220659758460633	0.0560680191451664	0	0.0625626084362064	0	0	0.0250290871228291	0.016	0.203497609368414	1.00491336884291
SA507424	0.0247402250447827	0	0.00626842898581877	0.564243030274132	0	0.0413415876840056	0.00506207144474028	0.045037701016389	0.0198934817322743	0.0211019893745414	0	0.0534274465235071	6.65850867238879e-05	0	0.0857599799269111	0.122664691404011	0	0.000446994183962329	0.0099457873182001	0	0	0	0.004	0.260016236238384	1.01563614789887
SA507439	0.000810113650517763	0	0.00478830597853455	0.113556217268487	0	0.282382299477155	0	0.0304804709804887	0.00356616443189203	0.06066825302231	0	0.0231808898810464	0	0	0.0815337509818034	0.383727641532098	0.00313599509804036	0	0.00267084887609921	0	0	0.00949904882152763	0.01	0.232621056439005	0.997943973261613
SA507442	0.146827470833917	0	0.132726095165832	0.0162085131937307	0	0.264501364362571	0	0	0	0.0344324350254773	0	0.0151439354276928	0	0	0.0342862352796068	0.228850533666517	0.0483950776188634	0	0.0731285372684519	0	0	0.00549980215734024	0.00900000000000001	0.233088027199311	0.994115441978126
SA507446	0.0209259915080165	0.0375868217809143	0.038658052915704	0.161297979332521	0	0.178597930573025	0.0144611824411271	0.00526655412209319	0	0	0.144300603931399	0.0514544412784329	0.0259488086312181	0	0.0641502678707594	0.166426542083485	0	0	0.090924823531305	0	0	0	0.035	0.162396779807821	1.0268193896942
SA507455	0.00889549750889425	0	0.036549207011219	0.0828395489923428	0	0.200757763211995	0	0.0118127467856958	0.00172083411276492	0.0376548100964961	0.00331936383048029	0.0624178705708424	0.078968511017178	0	0.080083964127062	0.344045349669934	0.0151607081386837	0	0.00691237607589755	0.00867094140853362	0	0.0201905074419804	0.003	0.271915734308233	0.972961555258069
SA507457	0	0.0200160717259529	0.0232186193642876	0.111714072535762	0	0.189066419470402	0.0199273839026049	0.0160590882780292	0.00999015277152867	0.0478017507990509	0	0.0313461848882272	0.0195330256337226	0.0469694190090557	0.0605502762761729	0.247626534411213	0	0	0.0142117369396055	0	0	0.141969263994385	0.004	0.263180627002953	0.979223912455677
SA507458	0.0217266842230879	0.0279161365317911	0.0864102596346917	0.14491812093449	0	0.170608977444304	0	0	0	0.00162217387340329	0	0.0510675480976701	0.021319826410791	0	0.0611868120310745	0.230448522731012	0.110779644826798	0	0.0549786057074719	0.0101018447189071	0	0.00691484283450873	0.037	0.158033095198321	1.01425149694326
SA507466	0.00221754778087869	0	0.000839132582204951	0.0629124017924173	0	0.176496755102046	0	0	0	0.0311793375822917	0	0.0434509763633507	0.117335300268599	0	0.0610928778109916	0.379780073019274	0.00924563997308075	0	0.0815702811268418	0	0	0.0338796765980238	0.169	0.0894530286199494	1.04935927244868
SA507467	0.0153260128277459	0	0.0102274368332792	0.0692952178135399	0	0.163817304726802	0	0.0255602569564946	0	0.0129267916709372	0	0.0407923574521356	0.0319689072498063	0.115542043351028	0.0580802387166305	0.393818401289837	0	0	0	0.0313427685450863	0.0115641481011072	0.0197381144655702	0.002	0.302008727089796	0.963537353965678
SA507469	0	0.00426351648111999	0.0211751214974145	0.0483674365873936	0	0.1973325190984	0	0.029437066174023	0.011601933847322	0	0.0050758713770919	0.0374510950845552	0.0844758149740438	0.056491367448537	0.0427715557060581	0.130991999044137	2.55378592040202e-05	0	0.298529360861019	0	0	0.0320098039596812	0.639	0.0125726947207843	1.08016832257871
SA507478	0.00594160080019926	0.00219361054322104	0.00242257244245452	0.370833717284554	0	0	0.0091761466643344	0.0264481285856103	0.0587631229125255	0	0	0.0638496096670623	0.0628159421353778	0	0.017526637880278	0.262647781286913	0	0.00439702152007206	0.107808175484798	0	0	0.0051759327925997	0.00900000000000001	0.234746886060846	0.993824684509514
SA507482	0.0820491994793458	0	0.00894517594058562	0.158508207693783	0	0.169448622998908	0	0	0	0	0.0620705294504516	0.108127662568179	0.0752524245818917	0	0.065894809426986	0.161471248077783	0	0	0.108232119782087	0	0	0	0.086	0.119139044735399	1.041374077769
SA507487	0.00278348100463507	0	0.00353883673833354	0.121683246051241	0	0.223071087676474	0	0	0	0.0183327920022075	0	0.0457990736290471	0	0	0.0385260212270391	0.451662001208921	0.00129707957852115	0	0.0835357885762773	0	0	0.00977059230730301	0.072	0.129225373009279	1.0375283826881
SA507492	0.0387600605517186	0	0.0164257889392731	0.399620537145487	0	0.0488355302473228	0.00554173010413582	0.0277597370003057	0.0332899118465648	0.0138968476343319	0	0.0342806826558886	0.0143849628891357	0	0.024701426873426	0.206915724120956	0.000295638463433405	0	0.101730922383513	0	0	0.0335604991445075	0.036	0.16104249447116	1.02987032560858
SA507494	0.0103509547924788	0	0.00133863320121051	0.0710044223366551	0	0.159211115713722	0	0	0	0	0	0.0684346489522718	0.100657613863304	0	0.0498590236508639	0.298444078899664	0.0208941246829276	0	0.183304898393237	0	0	0.0365004855136656	0.015	0.21280181012074	0.99493843948499
SA507495	0.144461662227305	0	0.0483759365381016	0.0285649987095849	0	0.234043671588511	0	0.000135749348722807	0	0.00533296339695166	0	0.0153625647155324	0.0797289403657789	0	0.0402802792661914	0.216916930688793	0	0	0	0.12051981937882	0.0025999729833924	0.0636765107923143	0.388	0.0436653838659871	1.06268422304241
SA507497	0.0464811661300587	0	0.0549480674356201	0.121825671064265	0	0.121974881600084	0	0	0	0.0734628331776606	0	0.0419539211138396	0.0540975057900421	0	0.0364434934913929	0.238188389652211	0.0843263378565453	0	0.0646342152423584	0	0.00984784081010359	0.0518156766358192	0.044	0.145342060303144	1.01840829738725
SA507504	0.00410775702258032	0	0.0375863292966413	0.321646164487527	0	0	0.105760527283339	0.0359680452936795	0	0.0470232497859883	0	0.0245360179095408	0.0154237248395224	0.0478516544329644	0.0549814407052352	0.239915352822524	0.00885031804500238	0	0.034834023763381	0	0.0116661849954765	0.00984920931659758	0.001	0.31967785895128	0.952092244992471
SA507506	0	0.0132567887727707	0.0106452118749825	0.267641036856259	0	0.189401275021942	0.00910477070328904	0.0297265457081038	0.0176794256345259	0.025621076961071	0	0.0481853547255125	0.0650738086974042	0	0.0610098973873144	0.220797652446841	0	0.00779458038983876	0.0222831810794598	0	0	0.0117793937406855	0.031	0.166420900977552	1.0276224746365
SA507507	0.0202763709428753	0	0.00895232400105328	0.0695427096963543	0	0.240282752480568	0	0	0	0	0	0.091956013521962	0.089419206686319	0	0.0544286600637456	0.20800218208636	0.0897277065468525	0	0.0574927750967995	0	0.0292211249737771	0.0406981739033329	0.335	0.0525503396035953	1.05443270603774
SA507509	0.0643683512686941	0	0.0200074410434723	0.00602537381238179	0	0.192166345924313	0	0	0	0	0	0.0797184351274896	0.113645309179438	0	0.0205708034964278	0.263275029557679	0	0.0237662711919887	0	0.0476026212740987	0.00335917942545869	0.165494838698558	0.31	0.0560357693255401	1.06950254971885
SA507513	0.0133965065048162	0	0.00958045483226241	0.207580220062465	0	0.215611021462796	0.00804187755338663	0	0	0.00879319946099144	0	0.0746715118362337	0.000476024038817286	0.0274664726726711	0.092234012724844	0.27727366165427	0.00272446833836674	0.00207517877264428	0.0365290346949033	0	0	0.0235463553905311	0.02	0.191678744728105	1.013164409976
SA507516	0.0772015450352098	0	0.012044382493525	0.0900823901392933	0	0.186711355288396	0	0	0.00339163507514514	0	0	0.067263876691081	0.0756574842049561	0	0.030134874824518	0.246554766547664	0	0	0.0846532521738827	0	0	0.126304437526329	0.414	0.0405075116535266	1.06574443734753
SA507518	0	0.0224063099569815	0.0281463347584992	0.0608628598610114	0	0.154159227578554	0.00278933915712993	0	0	0	0	0.0104335080153157	0	0.0853104580727928	0.0429196783849402	0.507687977999079	0.00167624155901131	0.00361596954634943	0.0582154454723199	0	0	0.0217766496380156	0.00900000000000001	0.233295508150739	0.998743884866427
SA507519	0.0130311405415114	0.000194013920075034	0.0131562078897128	0.139434448884122	0	0.127422833535138	0	0	0.00739454064061272	0.00118393051578872	0	0.0603446542032807	0.0513014917836846	0.0483614792132674	0.0492331693918272	0.391787218788505	0.0147872227001276	0	0.0620176543512985	0	0.00523049177199049	0.0151195018690586	0.014	0.216177159189002	0.997060568944211
SA507521	0.000199867083082818	0.00190526445612615	0.0246608261291406	0.0804686420805283	0	0.239107985363753	0	0.0057202571682266	0	0	0.0101966228635099	0.0557869336770408	0.068166350366862	0	0.0183474343783627	0.299982487314168	0.00182550008369241	0	0.150411453992935	0	0	0.0432203750425714	0.336	0.0523134248048732	1.05752334045237
SA507522	0.042118047710235	0	0.0126346478009787	0.0703142681377772	0	0.216499967763035	0	0.00945149169767534	0	0	0	0.0718938835352212	0.201235814535621	0	0.0284878031602489	0.201516995461043	0	0.0429250554427905	0	0.0409393669328573	0	0.0619826578225167	0.13	0.0988195503553379	1.04308714086243
SA507525	0.0113257425088453	0	0.0100583445689448	0.142766191492519	0	0.14573281139299	0	0.0055283893143658	0	0.0452549911692012	0	0.0613320643479873	0.0229866221482337	0	0.0767173359702826	0.273779048170234	0.0219100595572129	0	0.171035906919901	0	0	0.0115724924392822	0.025	0.180686889516511	1.00903930122962
SA507528	0	0.0021718955368476	0.0253862765345413	0.0912972906702406	0	0.244826499175881	0	0	0	0.0166231760190126	0	0.0437956228090148	0.0195541142071637	0	0.0297190513860543	0.282170433517986	0.0877043570492542	0	0.0664975561632191	0	0.0105113076002601	0.0797424193305251	0.083	0.121828834968069	1.03071179468343
SA507530	0	0.0156156516835335	0.00498362637638028	0.244465198509366	0	0.14261602167506	0	0.0123490462677064	0.023148467686386	0	0	0.042784037908649	0.0518341271591144	0.0681204494384714	0.0603759936929372	0.264132835411354	0.0218309388160721	0	0.0282261186134578	0	0	0.0195174867615118	0.016	0.201826457636085	1.00530243270564
SA507531	0	0	0	0.017295281246651	0	0.15183415521045	0	0.0132303753718681	0	0.0445512388279199	0.0377111078863784	0.0339852795993204	0.0636779809330647	0.00251645060607713	0.0210725077575004	0.288555202779638	0.00945678730903848	0.0191620063037161	0	0.0716884487798488	0.0221100590551312	0.203153118333397	0.094	0.116484216170665	1.05327038872131
SA507534	0.0205793081909987	0	0.109846051439961	0.0261361513327301	0	0.156860735195713	0	0	0	0.0622882513980044	0	0.0294368779844448	0.0347780795007321	0	0.058935568640442	0.276736002318925	0.111834041593777	0	0.0798432598425221	0.000943942014806512	0	0.0317817305469433	0.037	0.156720740798355	1.01421198603504
SA507537	0	0.00156829936150393	0.0191906360136559	0.0841503126817808	0	0.090913162426828	0.0702680592474366	0.0065124595854833	0.0756461295700495	0	0	0.0888780626186799	0.0481386498435617	0.313876165054139	0	0.185645016213362	0	0.00810999986727285	0	0	0	0.00710304751624672	0.095	0.11548413638931	1.05794928494031
SA507539	0.00535536465338185	0	0.00699998125773727	0.237084936132984	0	0.253342391067231	0	0	0.0289917808070172	0.00605628196797963	0	0.0225397367177255	0.0308197466472721	0	0.11641814985653	0.219604638513889	0.00393882006068651	0	0.0510119961945805	0	0	0.0178361761229864	0.00600000000000001	0.246973089509118	0.991377519882029
SA507540	0.0317164262664921	0	0.0524770543622408	0.358839426695239	0	0.151435912820056	0	0.0267927576316167	0.0141837289823019	0	0	0.0331963872989792	0.0250441726209861	0	0.0670064729371541	0.202908666202374	0.01784953680934	0	0.0179007681755626	0	0	0.000648689197657722	0.001	0.325477321989149	0.955803882035705
SA507542	0.0796968706691513	0	0.0626814789838231	0.0449686627925144	0	0.177969273236458	0	0.00988726968929631	0	0.0131948524756789	0	0.0252828035965473	0.0264289430806666	0	0.0367868852214232	0.370227439802987	0	0	0.143144341905029	0	0	0.00973117854642564	0.073	0.127756370749633	1.02791451202635
SA507543	0.0678385767455115	0	0.0355558672912238	0.215053842933259	0	0.273938216557124	0	0.0342487299883064	0.00612952829471664	0.0405941128412621	0	0.026765598901287	0.00600199291803	0	0.0960771496738678	0.152778837739586	0.0161470342931628	0	0.0240426863420096	0	0	0.00482782548065267	0.016	0.201550633873366	1.01569892606746
SA507546	0	0.0291719810283114	0.0355004507527746	0.232420163868942	0	0.211560989272805	0	0.0208148043879114	0.0713979120893754	0	0.0441141106308441	0	0.033229817883125	0	0.0739857444698328	0.21242877960517	0	0	0.0353752460109091	0	0	0	0.453	0.0356364668284052	1.08155446735043
SA507549	0.0386302829693293	0	0.0153551745097078	0.195441822918577	0	0.195846005914725	0.00133814387893761	0	0	0	0.0102344017554553	0.02577016940729	0.0629898352404437	0	0.103774579973203	0.259798680529589	0.00737220183026211	0	0.0752211133138005	0	0	0.00822758775868003	0.026	0.176432850492549	1.01241845508287
SA507552	0.0219873159149302	0.0458139898682662	0	0.0711835150003516	0	0.191120426477915	0.00951799333599471	0.00804344620913434	0	0.0109887277071735	0	0.0795553154020255	0.00181994846346873	0.115646137288357	0.0573243837970199	0.3654698308717	0	0	0	0.0128757029755606	0	0.0086532666881028	0.01	0.231222772337152	0.994852519987289
SA507555	0.118380157207708	0.00969863675876187	0.00378079013590904	0.129737619338785	0	0.227193855988399	0	0	0.0113275390916951	0	0	0.181757600550969	0.0115990400740765	0	0.0407971245460685	0.158423774679258	0.0126039588678064	0	0.0946999027605632	0	0	0	0.541	0.0250223323572437	1.09169480045191
SA507557	0.0661245931713904	0	0.0342843801340061	0.126880250297638	0	0.0615350401635175	0	0.0132967323438071	0.0119923572621151	0	0	0.0848139686890041	0.0193196387917686	0.0447235604679906	0.0343772284262187	0.4769059450528	0	0	0.0257463051997436	0	0	0	0.002	0.291653339558836	0.967848788913761
SA507558	0	0.00474522518117026	0.0110198242195637	0.478092227479552	0	0.116642909019332	0	0.0406152971670339	0.0571160613004711	0	0	0.0492398897690155	0.00480215518207892	0	0.0685300671126749	0.15094101619594	0	0	0.0169685801379883	0	0	0.00128674723517933	0.001	0.335188590565746	0.965778034514415
SA507561	0.0162026155513535	0.0130768912674466	0.0114562874094547	0.0968982356379689	0	0.266229993289613	0	0	0	0	0.0504001901930971	0.0381722336816623	0.0247144077625899	0	0.108843526232251	0.287939466941193	0.0030337217922548	0.000843148468406378	0.0821892817727081	0	0	0	0.187	0.0832371387585238	1.05179941966542
SA507564	0	0.0224983545399015	0.0307739632693001	0.287657857250202	0	0.119781047435366	0	0.0428337449930878	0.0188794750981009	0.0134694768549461	0.0204291441898936	0.0366488553447917	0.0229147870824942	0	0.0755319499392064	0.289016784509126	0	0	0.019564559493584	0	0	0	0.015	0.21523974374824	1.00396851635594
SA507566	0.00942222276910269	0	0.0286007810943836	0.189149646664922	0	0.154056780933289	0	0.0103748170487142	0	0.0169948526470576	0	0.144195196019667	0.00349583528215849	0.00729770792158028	0.121343175300747	0.197902698386627	0.0192811894356581	0	0.0902687593281941	0	0	0.00761633716789818	0.004	0.264567798579995	0.982224319816614
SA507567	0	0.0284599950536758	0.0243372472837629	0.482514182058943	0	0.0856963671429045	0.00108728674390733	0.0359933964608245	0.050865832402872	0	0	0.0799509769697285	0.0122740149536185	0	0.0435353534925108	0.137267739185211	0	0.000304853401015475	0.0172842722843503	0	0	0.000428482566675358	0	0.409329913393041	0.922403584136091
SA507570	0.0164506785486537	0	0.00286641237652374	0.526049034814305	0	0.0390173830617593	0.00297718882980886	0.0269539201556963	0.0154229312346034	0.0221614113562573	0	0.05961320163299	0	0	0.0535032388688257	0.152647228058083	0.00791490801037294	0	0.0661670082327229	0	0	0.00825545481939769	0.034	0.16374888932735	1.0535360251168
SA507573	0.0198900444550688	0	0	0.0466156123612282	0	0.24328886481582	0	0.00438626712611136	0	0.0291421278013399	0	0.0623239641246085	0.0610017613181607	0	0.0398201528530528	0.406016464743382	0	0.00818808066214124	0.03975606540753	0	0.0395705943315565	0	0.181	0.0841913669159895	1.05161154071467
SA507575	0	0	0.00210468305621746	0.063573683855794	0	0.168799361118434	0	0.00915643171766758	0	0	0.125384375611829	0.0612688837619794	0.13489637619746	0	0.055514899383247	0.308184074729415	0	0	0	0.0248501468238382	0.00929177956316058	0.036975304180958	0.194	0.0811383306835753	1.05936170914608
SA507576	0.0470775936678932	0	0.0180789602314958	0.11217242788591	0	0.312169133824038	0	0	0	0.000945397677969044	0	0.0558159142304038	0.0143886525367894	0	0.0941461054417859	0.234596323193139	0.0174261533155339	0	0.0931833379950415	0	0	0	0.028	0.173542821911138	1.01478690735827
SA507578	0.0873278167835107	0	0.0771825313892194	0.0521893794276054	0	0.230009554328792	0	0.00314960052226666	0	0	0	0.0327703886018364	0.0455422706950118	0	0.0289720197592249	0.290770698928316	0.0637021327561395	0	0.0609777827662168	0	0.00992325367460004	0.0174825703672597	0.03	0.167904714565592	1.01082384442568
SA507579	0.11139279885168	0	0.00885798831861294	0.179459084999236	0	0.206816098672984	0.0139484484209441	0	0	0.0639800964619909	0	0.0823734119013326	0	0	0.0582551932084085	0.225080640456802	0	0	0.0498362387080082	0	0	0	0.874	-0.018240868069545	1.10424882266713
SA507582	0.00507254302664017	0	0.00542572604431831	0.346128316366618	0	0.138397723114037	0.0216345143817659	0.0353205913889665	0.0143749281182525	0.0236606424241096	0	0.0463492087271958	0.0155614510400259	0	0.108440215288559	0.215267828328396	0.0031330722163562	0	0.021233239534758	0	0	0	0.001	0.364030455306045	0.939084943585163
SA507587	0	0.0259159892758982	0.00650804805954876	0.245553911145523	0	0.136521416311072	0.0225081293241013	0.0261871193829285	0.00246933097572247	0.00169553646422687	0	0.014139936943723	0.115800893571947	0	0.099818402987502	0.223751327298083	0.0185307753477487	0	0.0438620911555264	0	0	0.0167370917564488	0.005	0.25341872104583	0.980826539256964
